0.60206 0.213887
0.69897 0.330635
0.778151 0.411894
0.845098 0.477603
0.90309 0.539103
0.954243 0.60531
1 0.650034
1.04139 0.701598
1.07918 0.746199
1.11394 0.780738
1.17609 0.861635
1.20412 0.894955
1.23045 0.914207
1.27875 0.968006
1.32222 1.02321
1.36173 1.06093
1.39794 1.10477
1.43136 1.14692
1.4624 1.1828
1.50515 1.22
1.54407 1.27299
1.57978 1.30903
1.61278 1.33196
1.65321 1.38051
1.6902 1.42591
1.73239 1.45515
1.77085 1.52059
1.80618 1.55235
1.8451 1.59374
1.88081 1.65492
1.91908 1.68303
1.95904 1.71878
1.99564 1.77533
2.03342 1.80773
2.06819 1.85248
2.10721 1.88095
2.14613 1.95249
2.18184 1.96796
2.22011 2.03736
2.25768 2.06603
2.29447 2.07919
2.33244 2.14766
2.37107 2.20741
2.40824 2.25172
2.4456 2.29311
2.48287 2.31899
2.52114 2.37963
2.55871 2.41475
2.5966 2.47019
2.63448 2.48335
2.6721 2.52333
2.70927 2.58223
2.74663 2.60344
2.78462 2.6537
2.82217 2.70369
2.85974 2.75007
2.89763 2.79756
2.935 2.79447
2.97267 2.88571
3.0103 2.91138
3.04805 2.97377
3.08565 2.9993
3.1232 3.02903
3.16077 3.00469
3.19838 3.06827
3.23603 3.11537
3.2737 3.22323
3.31133 3.26813
3.34889 3.25859
3.3865 3.38127
3.42423 3.40895
3.4618 3.41711
3.49941 3.42552
3.53706 3.55212
3.57473 3.54076
3.61236 3.6054
3.65002 3.68559
3.68762 3.63932
3.72526 3.71107
3.7629 3.78235
3.80051 3.87207
3.83816 3.83527
3.87576 3.82758
3.91339 3.82068
3.951 3.94443
3.98865 4.11607
4.02629 4.12202
4.0639 3.92749
4.10154 4.14045
4.13915 4.2087
4.17679 4.10744
4.21442 4.36259
4.25205 4.05758
4.28968 4.41071
4.3273 4.31114
4.36493 4.3037
4.40257 4.57706
